16420456181932970466
2411124002006105373
733433256482262436
15245055816112148478
9815105154135256421
17640805355937439261
8521036384342535286
17039961340102745403
6897628261236889705
2858753831574985463
16460836351272172752
494183249058738889
5377269960519564365
7355529183058980945
14891848190108620966
11567848481578717227
16748258221571956759
10263718634153503672
15493775515767219487
931338419723006305
14872407851048452951
17170518867184388672
6715160598842478979
12745739472924673148
2385432770891254927
15360352875398883147
5872589812648099187
13598981388308551787
11008456883369629730
6709207068521335155
14664618558984525829
12884702901307773036
15160990273906564155
16592217112828784140
15345833557044176635
16785757103074093211
17983981484933607768
12103270088628311787
14978563672570631754
1895292019139389206
4381626674257552120
6997684054519617833
12898628546828210866
8945660886426674361
7659498265486629946
11781230838912084373
14006428210180769617
10284482123492064123
12791993897234624218
16846657298294432185
454026471226022298
15446903494861203358
7068888914019286304
5511352641518343616
116160867766617794
8071509895166455035
13612540152581205228
6931556783292526024
9098846670707093822
258985848962132757
4601296756179986656
6403514936513025787
14696275249125803890
17310412911882327998
1854304890243196615
13565784555331667781
18012085638667634322
13021293881232411336
17556959366784326034
17115765966606787388
7563735693255482149
6236751549139484780
14187545271155788390
6173170211438972206
1525299659575230379
16575473471451259584
14523763037274809608
13234903307546590354
8190173443535380111
13851513264334410784
12136082109303612274
6653690516082911318
6978827141276457683
11983593847160203874
1026318256984586119
1443629022468074663
1695310960929067651
14851566405039638304
1204709965359364365
4137962092074131137
2806355020605020332
12554686105353878001
2323531212913082882
4747419289847137752
8079076901508449193
2023010358597602309
5802719264670987800
6469861007925553897
14040607621898693715
1823482490878125053
17182410259291938542
6015097215367016542
7870038749500084345
4993182348516439991
14538059234913291116
8362351187802797288
1535429375098924128
1298222236184597596
6082800100629380806
3543713824062633531
15455886412704625120
1137894029302588453
10223825968711130472
10525918062081353938
8524430044402080349
17502802457643472897
6359956492039765696
16315205786057931802
7951287165767313530
18344915104213140698
14766682464863548860
17370079530975277663
7000163326847685113
7478767799809620293
5292141099979150272
8310886524963597727
14113808710251135146
10697251427810694803
6975140108755190321
11481129775425145210
13635329635493619004
16848940794329845365
9815578971175922411
9552117830431398028
1892396953490484205
2244411264829941915
11874107645920904323
8226592096513071249
1407947380314388825
2814405388748357164
1466663197566221730
16221538476806826320
2978666705897602126
17025433550959289609
66025467851032672
14805392171627054205
5599199739481662712
4514918745609491699
14170989203461571079
12976950232989497421
16347066830003917989
16844489424352137213
4156247434155947368
7774998443742668720
3059618463528582982
3889214983564870310
15493388641819613409
16887080498733088478
12573143337627842993
7549456742440518029
4097544427608853937
15408565503753369642
14328266627708458784
13601623840038972301
15840260009273960981
17939669457261017442
7562416846024992527
11012963893152515992
13621850537490405361
4919922789448041614
14077320242114317176
17164747043364832821
16135157146986480594
2142836278007322007
17843336914481059372
5589131803845089625
11234359051001217681
3094571275330425133
15835163752915606542
13399572629443512160
1201206682365724861
9557231073166288185
10984771007193877106
8447170850382849963
10924932050391218711
5892909379223668473
15123226551330320943
1710731699464824903
3262675851201427275
4071426149641335284
8745477226794507101
16923999285300740546
18290605563417603821
11145786883111481581
16981289497441770609
6763239891930346213
143919819729525902
12082923893983372880
3100033315730306528
9158035648169052176
14587757897951822225
15088714209804624270
6765591297227360438
2374884556238391253
3636163458061467809
385457389251441413
11686823361618309971
8828944692122279865
3918876619530130215
4897210996304781885
3483836827108223064
16414101835971101167
13210511186556708435
1264949806602935347
4531228337927191477
16977560159564245944
3779829860068567872
8593997681454279383
14076176524486503117
9820424289141173561
10164564024439270508
4337394744956892800
5090919303192155616
310755249549262663
7792588178180975049
866960731456057170
1092040290208343322
5884214194973021641
8173044942901531660
3109785092275931642
5558511723350932287
8290026591476739721
8726809260737348868
12990582805828626710
12924527149058252047
10950900925329103080
17947479741724480073
12215028119135150973
16192826908255855724
7643137707157152722
14721882038325756255
2545242092799592409
4816929819503174432
4183667575180429564
9822005850723740274
12815240163881673720
4500582329358339238
3598948916977599670
14575554459205791013
7477944588720280314
8025826629943465748
11554740911645491661
12521966121657427871
7958912940851578196
5445068202499223546
18396657373085086762
3639079548113942112
10292540388180912211
8727388712826613118
1637264601823999210
5764979349534527311
11043673089568701266
908101659126527136
6788085200378791081
2365465697100926621
479482042053539446
13505148580854078905
4855066495756025394
13124481608088398357
12496464813063327304
15138202328152578648
14591479389800938978
11174297172359604839
9297216121265980134
7944988822421811670
1860197049763666493
8974809479436663162
7385980062484344157
10831400563585788155
8193285824398988162
4315125668300779025
11699140306168282472
4228591606668823512
4638454234020378965
18051440702974647782
8238365178188275711
1492116402194490520
2209873233771010579
8536751674130118511
14360529216112028901
7350923382864239206
11519662112662393718
14728709278038815478
9122833528876245765
689546251565377310
13267015065805744953
12789912046227004271
5819238332397269553
15432112290316000909
745219497158706726
11614114795456588942
401166080773159861
13683200622985647893
7322730332832567184
9584589426254718954
8563010279164311276
12435224306654187810
15686232020727224718
5830089401654076519
5825950235251039984
3087254615968351627
12627623686223113201
15093713008609744919
3372125399060955915
636124604457377316
9406712445753281707
14357017476378775807
11373535134740392996
17343431447924022644
4205135794171033628
14442094104614795041
7588560232401879731
12807498526882913190
4626431543961812798
9358537306331428195
5182792936133222297
4031582355095082735
17040431165856967220
14355292678867896762
4782454971597695840
4189715621607091562
14635731537733984340
3265817857599306341
5425822818556763682
15074091018483735955
8230949328111687181
15676878361992228016
17332240898679259879
3636352899001188693
17080246131749588845
7400120376374318307
8634691678581313656
4147332885011358929
13163665333033803239
11818129232844124231
16844919738461757489
9139308686550556079
4398793166897355580
12548743327942070601
11953048949422778712
14177852066256085291
11395043570535488450
13043610688900456630
12364500426154802783
8920649034557296834
16860485882931498075
513628360016637773
16664530507001841656
8226396099455252717
10045091622969049531
360131468594725618
15917199433263138262
11709595860055354548
9219410821275106991
7088453692099450767
76136003250741857
13569225116953856920
4642611240400770265
17927964201380516225
1701558671114098790
8581877099954641252
11658323339892394279
7136086715690544370
2912305865384608920
8830360911466964912
9927132320967446000
17558850790707509772
12621817641469787313
8444565090174768470
8535210949788037435
3307086655860622712
18168403472778628903
18423851923621614169
12059637723394766914
14962264107707370408
6001149312043483663
1137267770922845022
2569627250816926757
3738576488460810125
738000462996956835
12997128784528928047
3654827449804060185
4693778421026077861
15709830295671892485
12126028847329538158
14872676136282195631
5817017053148726739
14895251968146872630
16330684645644797107
12645808474473067058
14699087741245763831
16143798707523764579
5858206147893424172
15667631769453658476
14847329814346744436
10538828287428982832
1959788782085129848
13926862824354900462
13053776399528322363
3316107055853198827
15697595934365722737
15211349713574646548
16826524053554412983
15786208328292690454
3965953825103204998
6229184109617613963
727458600591477462
4336457847200901485
2303480917633029838
5117783959542627646
8092969775281563692
15862922541324716885
5956848424792636950
18217028868098764246
17806344079827804378
12825292001768663437
12364503709478601459
666490385660575077
14489116910074491602
9755635614807713323
12413605659067293582
7865081799590676328
737451522563649886
11904747245521972641
10490234741260744461
13003711464383763705
12981770486538512337
4166466037726852128
18164183385237938695
2178701152593459888
3790235331207715106
17582046272378517399
17239992548331793577
6249718916388503345
17161011796329524367
1915343692257437929
2322541533004265510
8139445939426311414
11496020123508829919
11211951908346804353
3136271192367732948
6140562367108699019
2750049011630678291
17675742390479594340
1191851738722609757
2159369782822528537
8498051465735263191
6866711514639943038
17561157972545630762
10698887962219400577
2472847502311542599
1063271990817245106
12085893585322850944
13109603908400551770
7466106219119492196
12179525692778151549
15580919364492071185
18232340177886085752
17618994054604448376
13533755427682204798
5426483849708274802
13007283101227095525
9236748149731065887
6185042223981077164
9659277228845224859
16532374764683763435
17284802183146034980
8224969325869419314
13394997993249352560
14885848173201499824
3615479202747018099
10077160486961905255
2749625554506445279
3455915576314812344
7070591348785556312
1053719877755909774
12512167308521767204
16374207688120451184
6343666999777009641
4748234246468617600
2205839452343571338
7413048226375463717
6212446475705880198
1502217278064084476
11623781424183409784
10380320455263442025
1401314495504393228
1379572464987139138
16471294997695281183
201994708422131609
11653856664429701891
6458740574636827853
2468873308462624279
12477657540857868850
15888120597999979419
10861373574475071255
16728472219920143634
548234782429024241
14655152346123410059
2622075817153666628
18386975782993039630
17605565835150042676
4673168742304240868
5066588850647227551
16126504338365848213
7754223284792458570
18105434781578966610
10224816708884902779
4824758605752496069
6460634958197169852
12119666776278248002
6215288235616281163
4407383017783004331
15702736840968466928
9851252789758901623
1585372919110826522
8025335531595270227
2581133454131547506
11871031418334251384
12845373468148321004
10456587292894518234
9016863992340793821
3503198285040612058
10842170875500155766
10029514548681844418
7900163468619599694
6638574607898155074
12041945016948516127
1628323940309103375
1664161404583840204
5615514978714508502
6859498739200445632
9661636422721674328
17016519728133750218
13100116653282762947
6156517633936138979
9274892882976655929
4777162526393161896
13099822479037401503
778640437868505364
8708909366845340597
6439363855122640877
11815513275937162778
16214353310630662054
11729101766931563715
4598561729059561532
4468377269240567612
6328749868293470937
16750233035492447877
4575624217854001056
18194462549833768710
3432399008104575450
16541679359026386119
3891720133452694021
10539936220651834301
8268776195967056276
16411891777341118218
3047099079183018884
10583539949454859326
1148958641628002177
12335342808847040963
10048522872714949487
15296006792361042416
6391546587029941721
15557748349542699061
8811236877723602793
15584305685289608035
5507587897169373330
661507267067136244
12803864810746832375
10539264166239406277
5384176057859194581
2810580004849710915
14274085323341120878
766546352257238461
9822987854419802268
8612083656266988402
12668492287313950340
11841136295577197135
16635788729199417423
16473650630089930970
7587562381744335168
1956034321336945206
5828866532875891044
16069154111794954245
4579446658405279087
15357253863514569931
8812850748695434691
1747976883182806608
15358905791689339773
630827021573755371
2053038446448821473
12141766880618992146
16283930622836273516
7437750737415514444
18234383021895689718
8360374567011010677
7443127611772191619
13065782500067047100
10438862324872621278
4646044831535327072
4482604140602544214
14757416082659185996
17547620293652024647
10242166779195987800
2952104560889084816
13108070308487730167
4069489136972454635
1778120426542130041
1207888043653076108
4277859703371817376
478237131909976842
15403515745783003866
13482752504286027226
14229353351227460080
13962714500031649263
10512000677293339590
8072594665024007797
13150226502240752258
14103260264252885233
3430052442075420792
10214661341997494227
9010242726397122598
16317065923387762154
12006750407572508868
16197732410809790170
67456702115345504
14813827228540233568
16622113738460606989
1152662464649780405
3275762121125080984
4839480820565884543
448085439202731583
8272106521560392185
11120424112270651832
662889118684154242
6079614811477277536
10505803521124735655
14691456703444475766
12219799044762262759
8632569527340294863
5914705940138703950
1919119765987381354
12473576504418089146
10707551643651088398
8513044928732422432
6006354872078356691
8509844085485850372
5556881282151884888
5740483834001843382
8100152804296496273
3099281148211004085
9909104025676562132
14102730857467860318
6858758514767555106
4861881793813257713
16006816328938763694
9585203550495779863
10629676730594306253
8139782060209206911
1020988452684588200
4920127683723460119
8927326446774272670
16381050347628016244
59254781603172242
13244918819792110506
6282238428869373145
12250101963807488592
2977541065303188976
10453771232188061126
6569346942848312636
2546684236593984642
15578064590762733008
5576282036159245764
12288908151533770212
4862355499267971651
5277453247752794578
16644334286649409190
7529674697143961845
3688203631301988701
12930608818586241280
3549197875288572743
7501650736057068390
8147529853543876179
9081711868786556682
12011066546274450691
11800961280783005080
7568401531572452588
1179558206224249464
17592943680987192202
4739844007414402180
8827073401629687930
3097899549077124896
15507227949057140399
14869818122231361761
1124515007699714564
4397161566998363094
13508667456086867375
2876216188597773679
16170239656308400479
5885557972854021881
6194764894510185182
10724911329571363142
626503072380730359
7887680934174405235
7842541336043033060
7254741993443217529
17454042589798488190
7404261595163917040
15471402476088261048
10390788124477508850
12019457698414145902
11792064022099426313
5715684710512326239
11891107481521617663
17202835637817275226
531753508080129562
2835753835527263611
3150199079044327155
11991587548258644110
1940203008792865252
12591143476434075647
1863043458768682466
6458937858652948462
233292023955476615
9483479251756253675
3241921262710871560
2334547056628614642
12091320831453894684
5922418804732907827
17431076390799893476
15843302584795680245
3064278914829147981
9215135284891644459
3142967781651828667
9515371261173978379
7608659188743175946
8134771328071013929
15970618074215550331
9144409533091672005
2993829808437188619
1047498969365702585
5839241922545461464
15245490692880114873
181584771257490908
4701246232344444875
12391052093988086290
6360260555637337272
13245947026581929290
8630446008761954896
5785064386665969047
6822412201944382341
18019753779297806670
10912352195724066379
1640197611059540265
14651492411727514562
10657829990492001896
12086003028311150285
1148914394650978530
3724653821272578604
2876443484117320197
14069577110118280643
4945308004613501104
17967483836155290218
13121856936158621682
16901897036150900307
4822586199460796386
14754717325042070186
4908061401847434046
14775148469949800864
2973629709646100458
2312648989538030251
14928704900940148743
18220335513014769071
6958187839955454502
7823285056751137453
14255763561948595232
11854194605002163953
7234865476817248565
4674510756653949958
2381501245813677514
10726116965437991436
2122345713706170580
16137702723765075597
3086706324487562975
1343083134238180994
4696997567062596733
9113555952607260253
925159292937425576
2857111641251797741
18143701980362224843
4077516553345016987
11556397356404333297
17107485951957159789
197790670207535193
11626588644007915731
1516111831178916722
9105944368683538546
16866745698706690274
17339245300457604041
17795781981600919874
4102861865711304448
12565656955068730160
10814526087882120156
4510118276290086067
13552292834433695569
8536822940796074858
4481259845632780781
5523758381958147998
16148725578632368285
15745894525240560402
15403290796212777594
5047928191641012015
3003214081014857067
15356150974634428086
657973071164487636
7666945795910710384
2943011798206145383
15493776627560393479
13445101619795988474
12938167789675643371
3195874243603007273
12604688469378652971
4164712178278073316
3181969077451732461
17810233793686441264
3315478724103600718
1165055241954228376
8202919813244652069
4581930909509806079
17416161023646473523
14595061119249430008
6499934194049914870
14035924599917046180
8619782889633619126
3415522795530004448
8023797227917547245
7409462893563537837
5764344971135930103
12238006953401767215
17102318834905390764
16075910959526383035
16845865608569098900
12337710900484593595
17179594450361117118
582714241888261542
16701095007334081788
8645363020823928285
12733661327155251648
2748268314099927332
8299072334981411008
3710315736325546479
5380604417403043908
17912208497912730445
3182459010711577853
16022277868082428887
177000565101067648
7510498289943215504
17408045460573683373
1851317189076365588
15438287132231821651
11528163957164529045
5317761862254464128
7805691958598044395
9628262621292676161
18444209740711825458
139878544704759028
13347998972778894381
1743416769673523192
4057802360642524579
2015428980199278012
11489928156273754131
9487877259315576104
13628707977117057446
16374859707762088761
5875035138422854808
6933456751477868598
13746564879794229147
18222592871549556083
14106214110409751695
10580872939047076606
1999120354615040482
11781536715662709815
7105686598436563741
11604695492936469571
9114238088512752889
2501413498742411594
8153572366437330080
15895392701227132512
12909634465941517049
13107438932013740221
3289028671237489605
9743784846626621993
14873795061692059193
10300402096956534907
13228061266158113967
5968026220131518547
17184056293650093893
6715809545559213534
4454922558349959178
16244503165299493423
3383506590153502531
8739996534147443383
11208770313758881321
16283198220725798986
2559233303275059962
9172033149162481695
13942221884568739937
12323827747249264545
3799990942645636588
16417520258113652191
4057122446158498171
9659609048793023634
2136641444770720117
3390605510742241807
7607281992066135534
9283424071987369995
4910986659266856151
1051308518037848700
18314025610826246607
8475741281722181232
9069583969501340492
9765735444070441213
12026573154063744605
2548922582121288597
17012992636171126242
14972330352298730500
2316196139479710859
2772515688875491091
17187860661989698935
995853934652220454
3227236147738826574
9771213731059434292
17629782251792290607
126497818270743862
1832664500904950106
12931281695891220337
5308854612717497507
14686820627848041570
18313265287516592695
13641399337837949237
15661655977636187407
16631442624850872845
12824127283999073853
14649098603095618150
12585971114339423967
11532293943630526528
2376005832094902608
17215279143624112376
9421866796377542354
2730886212996481564
9192167163074915075
12081479812751883556
15365880563684659952
3046685879795524333
16810181835265375238
4231075714522334819
15393123613768576847
8637293457472304763
7036407166130969344
16171346151407442709
7337365714583780862
14022245812061545956
10258977412857134962
2959036797054841684
1345221889971532075
9660059910858431700
6366635475013477506
14376281105467891107
16619250158243791833
2006608915071426134
5441843752366685916
2012376552114057139
4858589535726315990
5630613557834550432
14334737566493036623
10392909585092465196
16451681076029959762
5621487985148518948
14362316611774102984
2291037249299587608
2172218021841185816
3891732124222445495
9043277632146807423
14483285924302787599
15085361372044098631
12427158762921574427
6168948902993372224
14307296218028046873
14493587056887906316
6603974436816318133
10167057332203651428
3550872616363831406
7367484825244021579
17154639660813899067
2658606710408213784
16492488742085830384
9152474575841157289
10225727692907670115
2501473430695318297
12197012604862268660
2238708542679677265
7582029473736959941
14680656593462816061
4426158387965495203
10822074425017732924
7322669667121266944
17346010994803640206
16829840325387326204
2222838963529236759
5020592450776571488
8795243077814616007
11976770152267136126
15323660606318577152
15159095501514409525
3812712287068953926
6046817176437754599
8643201955155649002
12074084371053302205
5037299682601852172
7584091696850178617
4238911886361209098
3838565364841541764
16413842718051579453
4017981939052843354
16934550490207448827
12748110451695233580
12597129233414449820
6044171405416845370
5030765458172621573
7378749991768607775
3222402193751866303
13454048320317908677
13033571337761295371
7126855477405381278
8001121882220484972
15160642479946143676
8170284191796287115
9481484674335315138
14917363072494101150
4005304967039763743
4549006730255758504
2174086905100192749
4607889784694474616
12042212991643618133
6073631922796978378
13159399839173810773
9385541016043243063
1602398439256989861
10595885124584484786
299587093570531318
7895926735373474061
16188235343257932593
496464620727233935
8617340032734594668
10122311240288784338
13544900737656846556
14089987482956573200
15419526204221308277
16017436669942754963
1357413015929013282
7603217589404552473
15338495529062163206
16579367566399096852
8783992178071199964
7728820709009159956
9376175514742976160
17227671545609990729
14750544117770459555
10051902616819596223
15295663416151439685
13374035212317213981
7932633593704597544
14874235923663273392
15712038803145913663
9702159401143790869
18215669774911413460
14630331170768390340
7441271594965931798
12200251258553986351
2431325290841972262
6036247276424972043
2653414116491522002
18324528511507135461
3102832309701969510
2111940187975766065
2468618563494449810
1474883384685071247
7211048993289362499
1896673546529179931
14837507489691170008
9332108010530820723
13553861602487973830
4295197032474228840
9922920655579062077
2373461141499533815
4005530783331299004
5236242126906638801
12293073758053178996
12610336069465638193
12710866467826148083
12966842162696773944
9332795250322842260
12440581363689201515
11319970395521045900
13332314271898576342
12693025185469371557
13409383242692589598
16047562016272433957
4991971460098911636
6003361283533910816
9820956067216551584
7932222342542083803
9120267739573931463
2907857406413770318
9134905761637955928
2884752269137619156
1124196981054232542
1927663918483073720
14904862067296665670
4433590732463737969
2569007210361368536
6718291914210443651
1498958604578035931
7676749388208560798
3693687473074887957
1790322504985921701
12086035708596641730
2947193494641839756
14821980576254259257
956676930845227561
12241398545685627897
7009394852072811142
3329966072310167231
14356906445817144982
17110031787236275457
14389275434819097130
11334803512704237292
8872891286185788074
6923604324101108911
16858112078821592860
406691420066546916
6849086246195713894
17320580491763065868
1136901428253498723
11100946408031401814
6958343253017108678
12714561007475207827
8366398945449061242
5654132210738245938
12592489991741036454
4471125388478922971
3456284811169322478
9276681054269300286
13519465481385583346
10589756522335073688
7451418228227928514
6096074415904773938
16654042323379455990
10912582665210900153
12554689412613362901
11188675700095857058
16262733566184589759
6860550077511228792
7320334600958715482
7075637597507594775
10614344911408927076
10957316087543825487
2991246860051928961
14883245819143047086
9047102743369978231
5654000713791000800
417108615333697105
1964327513691112621
13096813526513832376
15725658443827554070
6998397288215847942
9185026080357731088
1823771254731946628
1430556875148917409
4657888218189326909
2545688980433576953
16541924199829287942
9633779445481158759
430727513838513195
12649618061227025218
14377453819979876311
17838189705778859644
6780792906134714552
2089954035551642409
855090266060945728
18146966606539268810
9798871559137883616
11149300490405771085
1660929733427101633
7658006529559113695
14687939707788101709
4341037969659194666
5278293858474594391
1052204261135461817
10380854264585824340
8199219990756134318
367471233778456872
14788931586560531503
1523883207455380444
712647730902749405
9237792441770499256
16373573107881779254
11265254407660711976
3051904617743291265
7415903468117829228
15795860779599207217
777642765928333743
14986687440553409111
4514361452614296891
5833035651546942984
8942931370752440019
5802482271038503270
2192044111933035072
13261348505033801517
13838923460170821592
7668819668158808201
16316030480236299349
7653001415547720957
13374530919613260147
11634675258113650844
17191879214566411491
3017840609083156339
5621634168156259298
5613685467276742407
6304469534944379868
6977298416463914423
3678245650539692467
6553470898332168100
4336477278514482775
7827299520005140048
13665045630483009428
1165168114379335808
12350480753791425388
17035101718979135724
11768185177454542211
3631924107545977928
17228651522566823041
12677427010839923812
13200425668748255889
11018337875030315942
8881162607352134515
11928587714915065635
7801093345491313610
18027943006901106023
7116619930941938316
14731061870625059961
10498690011952598354
17660900798315119410
8224381953880171465
14525985618098107909
7063857896360990295
4538498060094439385
12533866395318175028
11539964911530605926
4248842847689341888
17630394105538349077
10574693413722767763
13104953569231958662
10587331055798411205
10101394621672219001
1035123271908792431
14673964358806265650
1025485703853641708
9588513822662960125
4444284308764058936
9053059179896315310
10230652344850991886
3605073267404534292
16746507776676575736
4154097718290581229
2008529966707349628
18010452585391510821
5499462134787756909
2969817341564398685
10086207006119305683
6443361880929688393
18285797915705835240
1860019601920200902
4721797691212422092
2229785241561320979
8316851626271031701
16526347949721785790
5455858745085348678
13905062402864480375
10095575747162581353
4544926206046699750
1456936694632444805
12068810240244010092
13211118632394957069
9869894907657644691
17914169911390478444
4734157854383327564
1423720428585578561
10978048151283719417
7128194725778974681
7752209953738464869
13820317408244449217
18282920059494131478
7135815440508971455
9052503824716199545
602623713925881400
15780053134777541076
10913724037267307889
4696085109968504278
10494658974165064499
919160683860060997
10015112968153104861
424186071959953164
1362001648772129445
12072474878170370780
5135078561705100806
14256472867112407884
7888109934287735411
9742770894150967374
7436319512938349902
13083680862099119743
4276074393609294536
4179394808074605934
1231970155697657189
1495480029621140073
11124757953531486937
11589727147209596990
6870619102219883236
6003723672069791979
8098865609770117522
1719451764818426120
3081105129988616014
8842417556225945278
15499366037175684978
14041480718060029843
10167557457851483567
3793670616567084925
10346007377577820875
10836931879351143775
6593985142748603678
8782701408439208927
15616990671044858486
16951943074074117943
2446460098812687494
5226391728023172838
9632858513208420359
9191841638828834282
13339478810696008837
3609494395036649497
16052761232100535459
6384488806337582914
1025962955513174907
3509397259823133547
12751532805048394795
16447168441768131615
1187977252365549961
8413374499124595631
9293015173745031629
7366928683499036886
14880294781815882556
12087066628092294867
7909628035139609630
6364872367246863808
16254408459550617342
6213861443597701831
14610457566702557477
3455924368814130366
4472989401746763655
17465130371623380613
4521742698360177292
17439608853506734891
11419754999862702193
2102392005574867071
13184334790994222679
12865334492374316854
10397161383102680071
4751435055323038976
2981669475537710721
2114780304930423595
13889294248684919770
3938681053288705459
14351827045090240097
7720244297108103664
4799092186035598077
15936443376664268947
7889243955504836601
10115642902768239961
17395815553524888518
12477099686713632230
8143809089373801391
15067505408829711666
16497238200963987303
14970782743487419693
12161236390682197681
14327753118034130197
13400117555983271089
6600252805149745726
11331290648896235992
6921239646970216416
7898130463896147215
7908612134097028538
13299353840946916360
735327567373117642
5991445830138850320
4699583360026919076
2057847654754939791
5478408107566380756
4342506581896844923
8113031748751486477
3569958016127569614
8589602993593234466
1661213618737099383
13513798148425803654
10224548103737921851
15104700537628989299
3984879089108970150
7080296813677949332
11869687772757202175
15082797427183862001
17873301014100544711
3798068417135617500
16278077478792270984
2662598528020769220
15701127308011400588
8351936074185329050
2425565625156530262
2124740718542882061
13876019490899510103
17253671657304501510
14773775474136596587
7724139441780246935
6400505983545599818
8965318127259730912
15309731760851944485
11308831716397442567
769050284143264591
14376400626092602149
16340693400487679746
2569200424799776424
14431740545468903641
6926275029176395879
7360701176228586601
12405574622555015311
1670845412531005241
3088927645379072879
17739483423482057693
6096601603028165996
8012039591855570786
11503042054981622971
6200890512676506564
14943667763054879901
11809552200657131871
8409929384239095737
17599212925203901968
1464312179032920421
966781989779599280
8698926262842803146
1753319408415262697
10001078667907435841
4234059901775797866
6711730051049663876
13401036702842030618
7627962528583105637
5035171354961655988
18374358950802560162
9322753167703754910
3622323153947355673
3033355648962803930
18295001256646156315
12515510275142443958
3859440639787706247
3024161602522189198
5762328480397709264
17777224555656002330
14309225772064562630
5860327782037195878
1874144929911441890
14908489707765722525
10182622145743685489
13389943572766453874
2146171291512132151
13217833262622692832
9503318645238932275
11498766903758889835
7152442071393640319
3390605147265568604
2387162006184387289
5206973710340649463
16906007871643758302
4003107202803324767
4821836718104325140
3787312889063131958
15878302679121381781
8574081288215566954
11794871526055885061
4000854115467745665
836697282248806146
5524846183691110224
5048640238994213207
8095068229955998617
7547361599391792724
17190084991913927886
13779296586324663969
15387878553874792199
17470995668915260055
3482091951633063249
10563302710829741618
13919668190004450198
11559549402574126074
7540528952072997734
13081324064896018728
5016541115489936468
2457307383423950361
16261321797825841404
16752084358068633911
69606138534615275
15581810439559631622
17271236807222679701
16289873471365621063
17220429839264193288
268861252614364057
17134920789160580509
12968379088029033755
1417767387910103304
2538543693281192206
15896979806300748684
14120612108965687512
12584682685351616622
9757567714176531656
15788575260498756374
18132891387785279449
5643972521975276755
12288628311000202778
14033042245096512311
9999237799707722025
7556872674124112955
16969683986178983974
