1153613370
2532259772
3874678583
1572042626
1308857018
4227620894
3979960868
3573517694
2332084207
2386937851
1388680601
2469416836
4272691801
1030964611
4078599446
1580860165
228232100
1880004118
1167926912
2742480805
1441394720
910704121
638510199
956432444
3926639775
470187074
1232749667
3185586913
2461447916
1870259066
2425274794
2444754828
1160892635
1556192955
192840993
3024449070
3563730380
2554818329
2734223072
634098826
2980124018
4072909579
2137678823
3119187005
1809748445
1718662572
3924011240
602139182
940092069
1291477727
1693303522
3161337496
221466891
874614246
2915412363
531472683
2638060332
932641066
1989232534
3707707547
69543158
3260010007
3349866438
590029125
69990232
380437650
1834158679
2288890279
838690006
962995575
2850559312
968624067
3592990761
4155540241
753167788
2771110424
1853116025
2383579057
121691441
3018814000
1755791062
3371166312
1026096711
2201506043
1161527326
2797490386
1746394600
3152856768
1401399166
3239501704
4276973639
980251440
4032738602
1452339658
3304768281
2796177296
1964638506
137354821
2246770911
418619532
2229635444
3886093137
1656898195
1069861577
1534759372
3966022646
3308592875
2525530687
4100154540
3833315412
3383808857
3657257802
1456596761
1481632306
3231379685
1283240259
2948520507
300949924
3101195188
2576252807
1492423333
3020922648
145542360
3242335508
3239959724
2648835081
2312508167
549686599
2369380639
2238532442
644082619
459079492
2610744273
3202186879
1858558033
3503219175
339032884
3961137449
4187143592
3119389213
2976968228
1978434116
1133899449
2618090718
1915333245
1728003802
361802504
2018120817
275868060
3391583900
2678142065
1304309778
4099515083
2645281684
4233703581
3699817107
1860174157
312520523
884287433
2264520442
1274599293
2210493376
2035379593
1792930721
537105371
2508621219
4172642380
2561915292
487344382
142319773
1100046255
4138391708
667851051
369430824
3319362564
2227703184
2766879640
2037816654
1954328530
1502552043
1055416745
845050145
1234701713
3121643634
2822465014
2914900458
1438755132
1754324786
1618906356
1852662839
155795374
4253578475
200922055
109360976
3521469110
2787951524
2305734250
499885184
1763040466
3677462986
650122369
3066249259
3806008939
3204814438
2889477981
2463064683
2557112443
3080545607
1514791531
625603463
4103907386
95339374
2896697607
3287565572
4002054919
3911536599
1381880453
3866450
1831734306
2518599869
981361364
3415184367
664206661
833177104
730143592
2656824224
3037715788
2008575634
2017032439
2129468658
3651933625
2958889932
715559275
2173607913
2972011633
2483879416
1498407304
2205313072
2325425257
1338169605
140884587
1671779617
3651536775
138457472
1283920707
3861189915
376037734
2972267430
2997000662
1284247238
225266669
2110977462
1467840989
2959174777
1531016802
511839684
2625519260
3491051529
3104304817
1435191691
1462950560
1994648222
2461433441
3757597650
2109016932
2894536234
3722245201
2716987607
1890577580
2537967128
1182628925
3596633038
3161343038
2086001041
2570739002
441508047
988021542
4072624227
4135689627
93780842
4029478278
663276260
2948116944
421498556
4166151603
4016769267
1208012364
311704608
148767412
3774199548
2069288369
2883081905
2018379355
1852007052
1126938562
1857118193
2600330291
3480743494
2842261716
2854130548
270577807
222720077
3972003176
1093472500
723714474
2271915183
646964618
76570203
3607424459
523638648
624316830
413004289
552343272
1063006328
3227549120
4059519750
1969589027
444732877
2555055666
1604298254
2485307757
1194951972
1993647649
86703126
1212773898
1192174722
1037049375
2450193536
965347933
1266163532
1234280809
2862574823
3953179018
2909316614
1045734257
599251449
1136940085
405060073
874632
855019436
2749081631
3721660943
2891248425
3666264194
3258546290
1639722678
1141546578
1908046230
421923523
4281866345
604404478
3060225284
2837719136
1845387888
280417440
59716277
2299351415
2801166055
2417542552
221249877
3082544619
3785340879
2419703769
633882201
1828407543
1460480273
1336034668
3211790973
1870595801
1545255571
995425582
2300308436
740289853
1128344749
3900512762
2487241528
2771507965
1634102200
1301422725
3596925990
868237305
2717921197
3343670408
3352308532
1672872963
778309865
3521851155
405412158
1061855969
1498736262
3635271733
2400709579
4198728447
1445968446
3261413290
2103349881
2232212822
3785939011
2536158696
2125019451
1841814680
2430863444
838745471
3020992298
3767832315
1395194253
2362069033
1552416958
4026943969
3086383188
2709041930
3715716783
1324461893
817033355
2987797134
2024213624
507675728
2615698930
2794018622
3464532623
2196978189
3130845420
2397261533
3951554341
428290505
457737681
863756969
1738870103
4166855693
759614256
299950628
4258223533
953187950
2050895991
3226749613
3053154392
1153561882
4228950363
2737422987
1356487767
1278706899
594697931
3472619369
2556671933
591345744
3110750568
3969954569
41829544
3069497016
1586279922
23993142
2122007775
2532705172
720237449
1527970592
4049054753
1961730811
4292857927
3386455372
2873365134
360776259
3823255593
858881507
3344322732
2767728274
3600889935
2044802854
4008885471
3364066224
1924594959
388279680
3815829331
1538632156
2412806583
2287266532
3152332104
707950705
2622435558
1085103567
1910507864
3932458493
3503433302
467005665
3730615638
280587430
1941049392
2812518425
2959835605
1418876866
1813630552
450551234
1032882671
1240148151
4010422138
3062508771
2282564921
2774486338
4127242253
4143819666
1719979268
1329826514
669088007
1617574220
1624694167
495855969
3005941603
596334320
130351542
2585527232
402355438
1773305649
1419064495
3083334016
4283249619
807786142
3561025990
4240300090
2965489167
4195943521
2549161758
3356661547
413175993
628216765
55298762
394331119
1732291897
4233871437
3061317520
769487604
1947656220
3431212136
2477663011
329773332
113194292
1024876810
2074779358
3325525528
3777194704
2623034422
2387310808
2691875770
233829256
1117580310
1965339488
515645436
2878062329
1099798971
872582118
1612982410
3739130637
2365657050
257924392
1084948197
124024640
1173595199
2621292396
3397035541
624575527
4291603655
1147715333
2807814654
1655975142
1568826675
18773554
2627057911
288598275
171718986
1109767050
2229865286
2603728857
2877628417
1809496020
4047548824
1214100660
3502914776
3531890650
3359071257
4175244066
3847932840
4134178751
3102471509
2527319878
2673348867
334674633
1725245661
1737034571
2895946680
2369827488
1345437278
501327635
659080670
3005242747
2316541062
2649837111
4019548420
4043643737
4174255803
3515146658
2026409979
2723156775
977788736
327006524
2461980660
1821809759
2562290568
1839663663
1481184122
473390145
3225754413
2312732943
2688887223
2770485131
1401037902
1981654354
1899155150
1108149411
211118957
946738580
605282156
1403628543
17629056
3712025349
409073848
3683638771
