1608829565
758712147
2221416134
2162272149
3474727629
833534381
3466589187
3922519068
172722399
3398690536
804892179
3026587161
1735552149
968505284
311441794
1895477952
1418159545
3008031527
1645103615
2942952211
3224714490
3721901946
1220553969
1113617117
2143133495
506701731
588581506
1425510062
525073333
2192265878
3658342176
4236836718
1204044418
3242426916
1579783457
2014317049
1355731509
3333817947
11772058
3752616260
2866852501
4129260385
1322578103
1300573942
2934440748
176068518
4045870294
3019496102
2182747997
3488881831
181300313
4232836743
3253914360
1194663776
3338094433
737585808
324068069
213900590
1763287662
2924907521
2048442544
1427425150
278903534
1529688986
2482540856
3357166213
2911438644
1898958888
3212753579
3708216178
1253794408
1615559601
1329782400
2504703231
3694696084
2888477310
789841123
2792757680
157271399
1251598263
46496101
1846104272
3935760624
4283258922
4005048509
3009562789
1766810113
2427518701
2832313387
4236198818
2930739080
1778523958
1866140078
50077733
290308360
3960154435
710020387
4209210524
1685273321
2379188006
3802305919
2163431486
351614849
1530431014
1320574198
2561880483
4214605098
223576780
3291488757
4278128562
2668906039
3391121600
1807602118
2457731046
2492595368
4168226225
1872773703
1663652607
1057368123
2406786768
1973049735
1010146780
1381136807
3299896443
3739039801
2142766276
3102965130
3253184292
2693792474
1496749223
2004126026
2507470604
3844675883
2660323302
1231136839
3664631757
1044849782
886567158
2512839649
4212466115
561096305
789940612
3096991000
2021419654
2825693825
224820301
300627712
3621921619
1967960703
785933134
3746297081
1691178105
395047378
530317064
2556923290
3011064917
2981444267
1544348101
2926407310
545517717
3283175746
2504117501
1593047906
1461280404
3752236376
3566996530
1702356523
1648779606
2748467786
367654755
2796982305
2690093949
2748487099
654348777
891514500
2570954897
4183199055
2446694770
4238771721
648516505
3588039424
2326226012
1842016586
824834528
1242667730
1445611497
199939114
1541639215
3924499400
960295915
104307149
2979559412
4031655244
1408631560
1275976634
2548607712
2698762645
1179384738
1656231012
3437413333
2036977011
1889271914
1496979488
3560113900
958758721
2352815564
3784026351
2350487171
1960873421
1493941474
1508722621
3310327339
4075645861
2359866119
4133432156
1904657461
3450142022
3537545457
3291366534
362057802
15889227
3579722919
533438836
3235152016
663395836
3267625374
417940791
3033970529
4135530553
436677168
2594376912
869014030
3923411768
2965590795
2346658643
4105222419
4256981717
4182679581
3537694678
2938463256
4110870529
4070515770
2549763325
1952832100
3601960608
3042171836
1541299342
4050398397
4075430420
4187173152
1867875819
444269959
2288892982
2376978915
677277094
1248100033
998636316
4139108971
3184891008
3772915318
356498369
2079163552
3942059186
2900795342
3298571010
3021039389
1227111594
2470206257
956289531
558457656
3989608407
1208020980
3076419618
248472514
2292435479
3447445814
1866572993
2003372720
4086030576
1182791161
3724854931
2632955836
2957002721
1905137931
942961958
1739643540
3580957843
1649526462
1553448861
440163239
154698328
3908334577
4059335883
3999185896
4211294568
1668688503
2270602210
3417268632
3462789677
730548656
2484686521
3106807188
3569090865
3828344812
360052580
399145851
319206906
1511407775
3623154271
1668609052
39160269
3357362220
2069896313
2560487711
2647944487
3291038616
3449882443
2959473048
1203956221
2868858178
430531858
3894612203
1184011087
2596326367
1616669885
3563395574
3757792716
43080451
2208560819
1044783788
4131331371
1213072852
3466716446
3523243624
2894255106
603255837
3057321566
2067644720
1110929972
2873721285
959120142
1538856099
2189412995
4120168210
1344431675
2045720467
3368068894
1858958270
1005791805
521358456
2247064283
1015743669
4152255142
898894957
2848531378
909793012
3032368888
1513809445
502766070
4049366964
3733229097
2057259417
3628646611
1636446432
3582939371
1580328783
596240877
2090552388
766421410
814974089
1602133470
1166604800
455591957
1741574931
3306273169
1701547863
1265213826
1674080202
1898311030
2226715558
2360271425
2155723712
1535536428
1565051857
3581724646
3770955146
299260466
3185958685
1692285147
2432102332
4201533192
1664282192
1598145574
3768303999
2861865583
1416836109
206086317
3156375756
1109984030
3758475863
1668129634
3000294815
269246025
1629677190
3647144840
602968535
582846416
2847689180
1447639364
3984288821
4021695631
3282911606
1000331957
4145719382
3235829434
3048706549
1894012936
1557762616
855234868
1928307453
3051630834
3479779974
1598832773
1643773966
2601327073
544981797
3746424703
4279160928
1021128755
2391640080
2059902454
4095711630
1498475198
565430478
277192722
495579142
553629830
2559977366
216732397
3241394537
1883152060
3903399378
4141752639
3837430519
2398130698
3538716502
924367307
69351101
614176750
179373822
1103680444
614012718
855800102
529529854
2493060852
701119572
780633874
4113703283
2750879723
4048683141
4166182964
3562291729
415821649
74733302
4017345388
359225188
885375597
2136534205
361196523
3195629893
138314803
1723542077
1659999168
1960041718
675179495
2531460724
3474351718
3001251983
3328706333
4160979231
3827354569
2747113663
4075572670
2316192876
3751908529
1504277006
1383645272
1607556133
2339436118
2326449635
4026254694
4048539160
4197259574
1139857154
2421541192
1183480865
3191550987
2688685013
673774806
6951984
3905416743
3954899859
4184104061
2744739028
2558947361
2536181037
4144025650
4055290106
2127524441
2810336416
3929452021
1959098752
4088368151
3735158082
2308307068
3025048676
3125294458
3934733464
3171770012
1673879029
269380523
30376799
2443605231
2714228022
42413387
857336635
3294173882
1123675803
390887817
3008551304
324781999
3407090146
3881653065
198163046
3401413326
1348229764
3250111319
3018058942
6780400
4142367933
377219491
3491045929
252412242
2561997336
1199987071
2379678507
2202158217
1354826724
3336928019
1739656513
715293202
2407510213
829731118
4200388006
3908784368
2612461124
1931086853
2744906495
1182944203
2547854355
3197329851
849818157
932265633
2151899062
933375796
3590380825
2034296043
512016441
2897567329
4277467878
18689757
745909120
564447103
184656329
637273334
401682169
1003743741
3675813251
2854945718
3534918201
4079842384
601278649
3979911490
234392301
1225669394
829581943
6586251
2703433656
1951955253
1163904968
425544829
4159446537
4257364266
3687263808
1567305707
849223771
922083348
3356203246
802039761
2095222529
1474932093
3434796075
1666645287
1439752110
3904389426
1529811946
3241008284
2303967498
286144600
1629659186
1637157805
2098241398
4167053160
2505295439
1404465719
3625334571
1994059575
2867774427
3470269940
2118398452
1594170405
1874286262
1358344419
723940349
