4222744769
3429809535
1474308101
2047798674
3633273863
3658832590
958101797
2275323433
667926927
3342472901
3743420224
1821796429
1206577752
3499735102
4064854997
3957331476
2826567854
1676479810
2766547067
3213194730
1690811006
3658735605
927254795
3606007322
3840520474
1425596940
1922138953
4292995330
991562635
3112514302
2031804595
3887040415
2208355954
391330493
698748410
2305499186
888904804
3992971705
829498243
353915017
300303743
920069287
717482480
487654825
2213442355
549635488
3087702313
462865576
416211438
2477023048
1992578615
600007287
2877046940
2046996915
2127830174
3857349304
3425499593
2074121062
2752628216
2559831355
2541394875
3245006433
1873722493
832011498
1664373775
4244609780
2100760421
3831345856
2515913257
794681310
1810139073
1709887071
1413879685
3010937147
565257643
830762394
2748699516
2437554759
1080405946
3783555775
613206285
970631427
3601885762
2949715713
1408306795
3965161614
1683862340
3642216042
3497422494
252949687
1300996915
637995055
2893569036
3393701648
2270070669
1884442158
2584520880
1709173982
2314110988
13388061
3707937777
2479445009
2684310343
2974375113
3945799311
3673099045
3150296954
1933317849
3264877639
1543885436
202927077
4082160787
2702728932
3351276032
1235982624
4170394001
1590185650
2653751804
2904376913
4165365675
1887677612
3467107293
3486020276
2046607678
3179533051
700032193
1258895799
2800557327
452982488
330969531
815111038
3893357513
3961139172
1608279382
2065822923
1282369491
2979381492
669129180
4123586563
1324548746
3192383586
301835177
2125367101
3832065698
1505334644
1694204246
1234779069
3765078125
3628769617
2223343961
1703514725
3141086707
3904108229
2945803703
2633604881
2435648209
700785462
1790437047
280702712
1954578030
1924545323
2520715084
3453116906
2609869778
3384931806
3323408002
1511245891
3237710157
1903784946
970234427
3524602474
1915264063
40555655
3886779123
2070304827
3969179091
1176832603
2116607941
3009333733
232876388
3529182853
2265646278
682686107
2425177225
1668726532
3355276338
1726145741
2174074984
519341766
524033463
3772151658
2472330568
3342485433
848839741
3050891201
1990088659
1721899535
1647762639
340913107
2616379877
3582511785
4105197059
1357974883
3324158098
3517616544
995993162
1503508999
1817989813
1716064523
42468236
2035562727
877698530
3554801234
2688063644
1177877429
2426965012
2241664317
2225246782
750917406
1663049036
2466429880
2652181548
111585154
1506331047
2857948230
1965888387
4057243720
4123526735
2661967644
1006490038
3388467168
744608845
2784145166
3385224537
3990824806
3115649893
639844824
922387121
2313691666
3917123898
2699890161
603161322
1634020082
2018018872
942607750
240581041
3870091830
3858820156
399950603
3267195780
1110303680
2538384554
3244355650
1971429776
3782707432
4203157034
738520375
1098786521
3956852506
1157623423
756351740
39733771
2528587412
264404336
2159513411
3321746431
810062986
3945433810
1924039624
3642497101
2317670665
2310878039
1735140385
4029558058
3190364543
1887696918
300214877
433188702
1528958187
4184501422
1158208707
1802813064
97585067
3043813104
3588595390
755588867
2080078756
438787795
1563508035
4267569922
2041207349
411241967
2360156748
2577690008
2714642550
14320317
1459804024
4061528457
3603303153
1293249607
2111553863
2958362469
3534016158
2458144417
3902216117
3391814884
2153634623
4197234796
4003555021
3683206621
2629411782
2319959
4143838051
387248481
650808136
1736059201
3554983646
3588893238
2161369985
228853179
3951800511
1483275096
3071389452
2301593625
4137401426
3247047896
366150975
1547224161
2092139892
3680436014
2775335555
671195928
448629638
4291273436
3963697788
216784755
3804460579
4276640304
1777845224
1680146391
3631771856
1043864195
3064138047
1561252606
1819635005
2970184325
3159797178
3958168837
1710922463
2006229903
1063987299
3929074257
1474640571
2500304444
2959813474
2419414579
1939453123
4123611590
279125381
2907000171
4263691144
494850096
3138711558
3292707133
1921666375
2210170376
1220427867
3546117038
3244704505
473721401
1338005132
4143928614
1748352506
4001785922
3128866792
2545915223
2098237021
3283199718
1931196204
3443825304
3860626203
1506272254
1063817154
3761602500
2253889125
579369650
2861132639
4143822026
228808870
361081165
1448628251
2838101411
3648342911
3749015416
2949110356
1480397452
1737578818
2792466828
3387882198
2119505529
2807523645
2062776528
3479065385
1619255256
2498569138
2106712125
2393990534
577580429
2459393034
2347001507
727304564
1751445343
588655828
1396988262
2944704242
3330925459
3672129154
3591874213
160533491
58729912
4281422515
4054793869
2605867440
4011831900
2674411525
2454769005
2615753812
3158695684
3507690886
3242276713
225214561
80690198
2644045425
1195095609
454013859
2176495555
3836005293
2965546760
87195565
3294273693
2601403943
1016787975
1957637897
2701928108
3791001927
4063573587
3380212841
2173819550
2841502197
3458370242
1186492612
206886612
2213879519
926222423
3038067178
3215055119
442670019
1995425775
3500567176
3934950584
4012395452
1697071464
740292096
3914318341
2801171432
474496391
1450262422
2211001020
1031042015
1829492202
830970945
3006744222
3081157086
1493779426
229468042
667136936
3950923787
3653737526
4040192736
440845465
3676237890
724360238
3774955261
4145083388
1617423853
3076186382
1104976559
1845849917
1175957139
291407684
3054295301
2390008300
2482966936
790869316
3903667725
316968883
1536416305
1633335555
293238397
510299672
2816529200
2633988405
811772501
1255493525
4039120318
1612009156
2861374149
3191883374
1471281064
3625317579
55631878
3618014254
3829386992
2016723089
2329720693
1742964612
1268793622
2565969893
2108109666
4226503953
824582215
1829642987
3822217103
3086344505
2794486329
4198915714
164172368
3045711229
1127131902
1882363298
1541357742
4057639440
3507093502
285532041
1138386665
3617508610
2482498645
2442220279
3673503446
297689526
2249053887
18442208
2216864828
3979186246
755624084
2505248983
2260089500
1036526903
1039814294
183102768
4113816853
439314682
1094557006
3573739545
3938390162
1494675143
1156209005
3477405266
2810371612
3948302845
479233925
1691250341
1206739076
142740993
2647327
2155065238
1407860001
1299427988
2248715564
1578028160
1599326337
2427229672
527797973
622980733
513660246
4204242145
1749425539
522330598
216620734
2493555792
524035023
1349922462
992587960
676215545
141807509
1588283612
500596207
1614556553
770974520
701522889
3968921402
3464706571
591195516
2971259237
4046054034
4200299347
4017152141
140516188
662265497
3777498033
622642467
2444562837
2727341031
1069597268
1702393902
741243696
697708709
136103620
3168305304
3438970671
2453203181
1361208004
1047286498
744347512
2456942500
517107159
1135650165
871295755
1792840523
1680619850
2318721140
1402806043
2746916455
872371014
